21.011650867556664 8.290743178466585 8.694189549825442 6.134294971019223
20.02643815259982 8.121881990621274 8.89541671062104 4.5799926187088715
19.03856324230766 7.979140233368939 9.074058687634222 3.0564911268072876
18.044514276706956 7.868275350736241 9.210955462076546 1.434164183458421
17.04490302034213 39.88256175779386 9.303604439061294 0.09900639120271393
16.282214444311442 37.01204560744995 10.486591792221112 23.799784043759388
15.655823333114167 34.63244579654776 12.301495361148342 24.51207979841888
15.12252056696741 32.76235398852466 14.954423519130744 23.27298573018352
14.589278351925904 31.36881316090829 14.4594424239089 19.47597179215755
14.146930962166424 30.14104412426555 13.165114445682958 19.918366604960056
13.839158022015617 29.045269916429696 12.030614467682959 21.25059978462764
13.693975058197253 28.095751819926996 11.051899983721352 22.479350941765723
13.746095723095614 27.304373156693543 10.223833746564255 23.474427737080426
14.042434769238952 26.677325067348235 9.539691631863265 24.14654213289053
14.63318085587122 23.727726089151986 8.989581620642346 24.201376968304828
15.09158739966495 18.421660215702204 8.504909921911885 18.299403219596407
27.93342632074022 15.060958824566141 8.140141326447074 21.327187701626983
26.184197365764245 13.996907696268158 7.79562960163908 14.902200364071035
24.60235824696745 13.20803538293195 7.5089183902982 14.373411204887276
23.160223970591602 12.600022634281117 7.275772595226561 13.664658291643342
21.83512862855165 12.13174155618496 7.089332050303908 12.658866912563923
20.60567342666904 11.783353025210571 6.939785243676116 11.303929063878215
19.45080350308723 11.542582674251353 6.8151249238950715 9.635794729788316
18.350622047648713 11.397536397557467 6.703262882527373 7.7936026359297585
17.287205468306748 11.328295153786318 6.596314979434377 6.071856097749361
16.2456040940989 11.301948527844521 6.494593497039577 4.849215738411559
15.215455603423708 11.281193134952591 24.487790851794248 4.3048465808013106
14.321369986454224 12.145869476205396 24.252481082259838 -11.082539486268761
13.436229949377543 13.160980351549169 23.932723143766296 -10.307624550264581
12.525616362382342 14.158957153328556 23.20635308771389 -7.551762548471068
11.582887267391829 13.035128532920757 22.036476598795677 -4.860765128892282
10.664247529755531 11.741342131415111 21.077721509827548 -6.6987628685698155
9.786222725472001 10.449490131660408 20.486674592095753 -9.470952841571346
8.963408270820091 9.189853904930088 20.42456088525905 -12.696328251071694
8.762021395046798 7.973747262879939 27.78463849974487 -18.220011452023243
8.780918405552764 7.0596155759713195 31.161195913599315 -27.212598982427828
9.094128280211445 6.384278761215646 30.41050395723607 -29.01740285321528
9.857649266745037 5.913209156599658 30.205702483328896 -29.704608636517804
11.424089093929341 5.6335070038038895 22.814146814919372 -29.313886814501405
14.742692433340826 5.5527134051843445 16.46118292355492 -17.37420324618084
23.441092625105345 5.70341630406663 13.184111952504907 -17.6098666275182
27.08238426867001 5.596603673664703 12.864408393959824 -9.161898416502254
26.20627071183783 5.457463338720899 12.846784520284025 -4.416536753204355
25.144979443984145 5.340068834031005 12.795546494437204 -4.573573856618424
24.08870619778548 5.252853292260504 12.686372162585352 -5.150704641920498
23.03818074124759 5.206404189100872 12.501490107296789 -6.089628228147646
21.998544679514904 5.212177213136768 12.236804638542534 -7.221044802306558
20.97724005231035 5.282882286192125 11.898879263323881 -8.404821485668876
19.982232919276655 5.434500973153031 11.497771202638106 -9.60182187019889
19.020975378795534 5.686417931092697 11.047407450863536 -10.723533569586063
18.096690694673505 6.055967011119625 10.570499567661363 -11.456324630815821
17.201036478126618 6.544847512420236 10.098447905009746 -11.269902615115353
16.30898285243759 7.117624624695959 9.664805120195943 -9.632284325792114
15.381429954230837 7.671648197718027 9.305607846780585 -6.041375733859397
14.393156258900605 8.070162850193102 9.04728399130043 -1.0334080536532255
13.370638071967264 8.319265863739613 8.861190455023223 2.267281993482591
12.341562588690383 8.490300928431665 8.71202206117345 3.4576718905355293
