0.0 0.0 21.001317959521586 8.418262955382216 8.553926324308836 2.061292827803726
1.0408340855860843e-16 0.9993529210365572 20.00325361326508 8.352912289038775 8.62340965957981 1.7040866879102765
0.007989484245067065 1.9988787320735035 19.004446196096175 8.304753603012898 8.675266067753068 0.8905155729466685
0.022588696266446738 2.9986513639086847 18.005287508671763 8.261513121972136 8.721924096406815 0.5882357392884217
0.04064199908038989 3.9984356795737073 17.006908600062985 24.64834332666222 8.786827822350062 0.999647395941281
0.06097417735859288 4.99807673053811 16.0440845008978 39.981853464016396 9.171512108808882 9.258252988580935
0.08487004604339042 5.98476061621084 15.265576846555946 37.154272785102464 10.318072503197751 23.318768066522196
0.13991162771558358 6.901426370929523 14.572678918796507 34.939751070055934 11.940721398050732 22.14792897858203
0.27654000646334986 7.817507315527782 13.932727631735167 33.195764856475336 14.172031618500181 20.426197484448764
0.4919426003561555 8.729538196095367 13.277036814647431 31.875311314928354 13.483643878036087 16.860751713952595
0.7834889086541501 9.641060913187054 12.689079566055847 30.66309549349556 12.1852171427608 17.669409238277574
1.1316504226305717 10.527997500187402 12.325689130625122 29.4374705551362 11.000212689810903 23.148518906251674
1.5245970942027878 11.359293360306193 12.163600902717299 28.38342752121874 9.990092117591201 25.62033834768995
1.9796741164342397 12.137708473281403 12.126675577626655 27.55028506849399 9.146834364489617 24.84889335505619
2.5108031796823878 12.873447243715054 12.178064849935527 26.888721796306125 8.435610181810679 23.015121851648587
3.1168659728579633 13.566142829835291 12.310428250889402 26.342984064892317 7.827223070704868 21.100683049783854
3.7898719859310583 14.212252105817496 12.574422760621086 25.883854991857206 7.306516046028848 19.958817485367973
4.5178234366306125 14.806870073774913 13.02733033258384 21.662215028154762 6.8652373148537675 19.1658493964419
5.292582876938717 15.347207458218769 26.725129343537027 18.487156741540005 6.500999215975006 18.739486491494652
6.106776704668774 15.830815521842355 25.13723358932456 17.224006728640756 6.1552231026958415 13.39438060892931
6.976493514473961 16.26662487470543 23.64933692890133 16.126190468853157 5.866719278226365 13.821659581265635
7.865884887440493 16.656380578208157 22.271823329413674 15.230825773571663 5.630892580352533 13.51569911524642
8.77589480497903 16.99881415019456 21.005169602879548 14.576495788295059 5.4344046225700025 12.125459348960561
9.707592000284105 17.29515527996769 19.824815895836036 14.11521853614152 5.267462167087606 10.407980724539598
10.657763959089628 17.549195839604888 18.715647450052508 13.866601183097204 5.110278377695906 7.805478153190535
11.62438214184796 17.766462614433166 17.65737179074811 13.816202230782448 4.946880705756882 4.9323604785843
12.602578116497874 17.955513232794832 16.628914472879263 13.904702870565893 4.773846570709803 2.7283764585671832
13.586739336046948 18.12627863830021 15.609000384294312 14.017444725831494 4.6039562950652275 2.1496147995702586
14.573076145875898 18.286693002922267 14.594184815063013 14.140924852697692 24.19528068969865 1.7957842574953986
15.560925901220513 18.438912711614307 13.626984240936554 14.673240565048006 22.994153569508498 -3.761468952627183
16.54816635302344 18.584007693365734 12.62726715560358 14.949290590498217 21.310839631267143 -0.03564179863484185
17.53531294440631 18.743823900786023 11.629643567261239 14.137813216190434 19.657214195202332 -0.32174588999620113
18.522422060815103 18.90377407587682 10.664519681699561 12.768447897219316 18.419205437257137 -4.477852970795638
19.506333868750406 19.064466467981486 10.269569483881572 10.885059441672183 21.814963730855954 -40
20.26010570918162 19.20103916439774 9.462344292087948 9.626151099062643 21.94266437333494 -12.841868811710956
21.18480583954263 19.510117964364238 9.310652701128816 8.406275970449528 30.364450028447667 -40
21.89845885122597 19.78854832863646 9.401604136872002 7.495103341630342 30.075199912958897 -40
22.565022278832465 20.166062945321624 9.822127581835222 6.8301133899838735 29.369118365757423 -40
23.170825638035456 20.63491940396524 10.754341724989295 6.377931867800667 29.186895465358102 -40
23.703444566825226 21.185501973184707 12.612055522559903 6.127635315786407 20.601292290723688 -40
24.151955635537707 21.806518808766363 16.52606185878013 6.090093939192454 15.066992490556602 -40
24.507160374408084 22.485233536997224 18.546264775413476 5.901756989996148 14.170427958316006 -14.652813577548613
24.82872474968521 23.397706525615067 21.753917947532045 5.778103376151551 13.403716581475528 -14.408113702600073
25.098786027344882 24.32784200350168 25.01384202242918 6.190186078845743 11.26740465758633 -40
25.271377821491807 25.07419055573891 23.96869621504501 6.30051013178338 10.887690928638287 -10.384126635547272
25.353828085353996 26.05435028769226 22.95760655554381 6.41258653908199 10.62386986641956 -7.412895100944738
25.397303713450693 27.04503894916374 21.963574286941448 6.562218580412771 10.366562626798645 -6.834130758093075
25.41237660890799 28.037819332971054 20.9845192018528 6.764875967507775 10.091735894184838 -6.882834728481512
25.401192854942778 29.030549628062907 20.01756979842235 7.018091839531248 9.808900577753915 -6.673150057296617
25.3635593204882 30.023061615006903 19.054988890467534 7.3029472909669115 9.537689730551735 -5.823183106107152
25.300205484159402 31.015882039554928 18.081164171758715 7.565543273826899 9.314699580272174 -3.6762356576884585
25.214215879457402 32.01011270620493 17.09667514375132 7.803224882935466 9.123998958955841 -2.1292837106808022
25.113931467721237 33.004377551720204 16.09924224429949 7.990927116160946 8.974401751906761 -0.3709364367928245
25.005368595356142 33.99844605531985 15.091770858959945 8.119220690612742 8.867046438511737 1.213958104685176
24.895398081463604 34.9921550873284 14.083749992268816 8.228194273613727 8.772658637511334 1.4851405005438778
24.79011890378935 35.98625999534332 13.080349110374181 8.358009086241237 8.66310089307121 0.6935709535540013
24.690540849555784 36.98121611744383 12.081401654952709 8.519718434372777 8.531421803420644 -0.22793168388141538
